image_width: 640
image_height: 480
camera_name: camera

#[narrow_stereo]
#"Wrote calibration data to '/tmp/calibrationdata.tar.gz'"


camera_matrix:
  rows: 3
  cols: 3
  data: [510.650873, 0, 301.162557, 0, 504.596029, 239.775101, 0, 0, 1]
distortion_model: plumb_bob
distortion_coefficients:
  rows: 1
  cols: 5
  data: [0.170524, -0.163148, 0.000861, -0.013083, 0]
rectification_matrix:
  rows: 3
  cols: 3
  data: [1, 0, 0, 0, 1, 0, 0, 0, 1]
projection_matrix:
  rows: 3
  cols: 4
  data: [531.550598, 0, 292.524683, 0, 0, 533.211121, 239.666049, 0, 0, 0, 1, 0]
